%YAML:1.0
---
m: !!opencv-matrix
   rows: 20
   cols: 20
   dt: u
   data: [ 6, 7, 9, 9, 7, 0, 6, 3, 6, 9, 1, 8, 7, 8, 5, 3, 8, 1, 7, 3, 3,
       3, 5, 4, 8, 2, 6, 1, 2, 2, 6, 1, 0, 7, 3, 5, 0, 6, 3, 3, 7, 5, 0,
       5, 3, 0, 2, 7, 1, 7, 9, 8, 8, 3, 9, 5, 4, 1, 8, 3, 8, 1, 8, 7, 7,
       0, 3, 8, 8, 3, 8, 9, 5, 1, 1, 3, 3, 3, 4, 7, 2, 7, 6, 8, 2, 4, 9,
       5, 6, 1, 5, 0, 5, 7, 8, 4, 1, 0, 4, 8, 9, 2, 9, 7, 4, 8, 8, 0, 8,
       6, 0, 1, 8, 3, 8, 9, 2, 4, 3, 2, 7, 7, 4, 7, 9, 7, 5, 7, 6, 4, 7,
       1, 6, 0, 3, 6, 1, 1, 1, 3, 4, 8, 7, 7, 0, 7, 8, 1, 6, 1, 8, 6, 5,
       2, 4, 2, 2, 6, 7, 6, 0, 2, 3, 3, 4, 0, 7, 5, 7, 0, 4, 4, 4, 6, 6,
       3, 0, 3, 1, 7, 3, 7, 7, 4, 6, 3, 6, 5, 2, 5, 7, 1, 8, 1, 2, 0, 2,
       3, 5, 8, 7, 3, 5, 1, 6, 6, 6, 3, 3, 2, 8, 7, 8, 0, 0, 2, 6, 3, 9,
       1, 4, 4, 5, 0, 5, 7, 9, 6, 3, 6, 6, 3, 9, 4, 8, 6, 0, 1, 2, 4, 1,
       2, 9, 2, 2, 6, 5, 9, 1, 7, 2, 0, 7, 7, 9, 8, 9, 5, 4, 8, 8, 5, 1,
       1, 2, 8, 5, 1, 9, 1, 8, 9, 6, 1, 1, 7, 9, 6, 4, 1, 1, 8, 1, 8, 1,
       7, 4, 2, 9, 3, 4, 3, 3, 3, 1, 7, 9, 4, 3, 6, 4, 0, 4, 3, 1, 7, 4,
       8, 2, 4, 7, 4, 2, 8, 8, 0, 0, 3, 3, 8, 2, 9, 1, 6, 2, 9, 3, 3, 6,
       2, 5, 5, 8, 0, 6, 6, 9, 8, 5, 4, 1, 1, 7, 8, 7, 5, 9, 6, 3, 9, 9,
       2, 7, 8, 8, 4, 4, 0, 5, 7, 7, 2, 1, 1, 2, 3, 6, 5, 2, 5, 0, 1, 7,
       6, 3, 8, 0, 2, 8, 4, 4, 5, 4, 5, 3, 8, 5, 3, 9, 0, 2, 5, 3, 2, 7,
       7, 7, 0, 9, 0 ]
